0 1
10 10
5 5 5 5 5 5 5 5 5 5 
1 1 1 0 0 0 1 1 1 1 
2 2 0 0 0 0 0 2 2 2 
3 0 0 0 0 0 0 0 3 3 
0 0 0 0 0 0 0 0 0 4 
0 0 0 0 0 0 0 0 0 0 
4 0 0 0 0 0 0 0 0 4 
3 0 0 0 0 0 0 0 3 3 
2 0 2 0 0 0 0 2 0 2 
1 0 0 0 0 0 0 1 0 0 

15 585 0 15 1 0 
15 585 785 15 -1 0 
800 15 0 0 0 1 
100 10 355 570 0 0 
15 15 406.595 264.156 1.13954 1.62136 
8
R 35 20 631 2116 0 1  4 4
S 35 20 92 1792 0 1  3 4
R 35 20 169 1016 0 1  4 4
E 35 20 92 378 0 1  1 4
L 35 20 92 241 0 1  0 4
R 35 20 15 268 0 1  4 4
R 35 20 92 353 0 1  4 4
R 35 20 246 103 0 1  4 4
