1 2
12 14
0 0 0 0 0 0 0 0 0 0 0 0 0 0 
0 0 0 0 0 0 0 0 0 0 0 0 0 0 
0 0 0 0 0 0 0 0 0 0 0 0 0 0 
0 0 2 0 2 0 3 0 0 2 0 0 0 0 
0 0 2 0 2 0 3 0 0 0 0 2 0 0 
0 0 2 0 2 0 3 3 0 2 0 2 0 0 
0 0 2 0 2 0 3 0 0 0 0 0 0 0 
0 0 2 0 2 0 3 0 0 0 0 2 0 0 
0 0 2 0 2 0 3 3 0 2 0 2 0 0 
0 0 1 1 1 1 1 1 0 1 1 1 0 0 
0 0 1 1 1 1 1 1 1 1 1 1 0 0 
0 0 0 1 1 1 1 1 1 1 1 0 0 0 

15 585 0 15 1 0 
15 585 785 15 -1 0 
800 15 0 0 0 1 
115 10 400 570 -15 0 
15 15 471.936 113.86 1.12225 -0.907884 
8
R 35 20 400 330 0 1  4 5
S 35 20 510 316 0 1  3 5
S 35 20 400 325 0 1  3 5
L 35 20 510 311 0 1  0 5
S 35 20 455 339 0 1  3 5
E 35 20 400 273 0 1  1 5
R 35 20 510 211 0 1  4 5
R 35 20 400 126 0 1  4 5
